2016-02-16 20:38:40:000,-0.6507,0.6385,-0.2073,0,0,25.0,16.26,0.1508,0.0822,0.3151,0
2016-02-16 20:38:50:000,-0.2357,0.6196,-0.3427,9,0,25.0,26.74,0.3605,0.4061,0.4032,58
2016-02-16 20:39:00:000,-0.2315,0.0768,-0.8908,19,0,25.0,38.44,0.3703,0.2972,0.1582,97
2016-02-16 20:39:10:000,-0.6617,0.1440,-0.3007,0,0,24.7,36.69,0.4166,0.3681,0.4272,19
2016-02-16 20:39:20:000,-0.8813,0.0531,0.0108,0,0,24.7,31.75,0.1618,0.2229,0.4114,0
2016-02-16 20:39:30:000,-0.9128,0.0653,-0.2250,0,0,24.7,14.95,0.1362,0.0965,0.2986,0
2016-02-16 20:39:40:000,-0.8849,0.0801,-0.2163,0,0,24.5,15.51,0.1884,0.1398,0.3274,0
2016-02-16 20:39:50:000,-0.9927,-0.0430,-0.0958,0,0,24.5,6.45,0.0173,0.0250,0.0256,0
2016-02-16 20:40:00:000,-0.9931,-0.0155,-0.0858,0,0,24.5,5.20,0.0131,0.0122,0.0138,0
2016-02-16 20:40:10:000,-0.9941,-0.0105,-0.0826,0,0,24.5,5.88,0.0177,0.0126,0.0139,0
2016-02-16 20:40:20:000,-0.8958,-0.0549,0.2199,0,0,24.5,18.05,0.1527,0.1256,0.3462,0
2016-02-16 20:40:30:000,-0.9614,-0.2188,0.0002,0,0,24.2,9.11,0.0365,0.1530,0.1048,0
2016-02-16 20:40:40:000,-0.9026,-0.1782,-0.3640,0,0,24.2,7.93,0.0468,0.0574,0.1385,0
2016-02-16 20:40:50:000,-0.8929,-0.1794,-0.4140,0,0,24.2,3.38,0.0115,0.0151,0.0157,0
2016-02-16 20:41:00:000,-0.8686,-0.2094,-0.4286,0,0,24.2,6.28,0.0369,0.1222,0.0469,0
2016-02-16 20:41:10:000,-0.7410,0.1206,-0.3756,0,0,24.2,14.21,0.2245,0.3387,0.3663,0
2016-02-16 20:41:20:000,-0.9355,-0.3450,-0.0050,0,0,24.2,4.88,0.0341,0.0922,0.0491,0
2016-02-16 20:41:30:000,-0.9608,-0.1327,-0.0484,0,0,23.9,8.83,0.1224,0.1935,0.0732,0
2016-02-16 20:41:40:000,-0.3065,0.8696,-0.3137,0,0,23.9,8.40,0.0818,0.0651,0.1498,0
2016-02-16 20:41:50:000,-0.3225,0.7894,-0.3997,0,0,23.9,14.06,0.1905,0.0628,0.2492,0
2016-02-16 20:42:00:000,-0.6736,0.5047,-0.1631,2,0,23.9,112.67,0.4674,0.4210,0.2981,58
2016-02-16 20:42:10:000,-0.8513,0.0246,-0.2233,5,0,23.9,250.77,0.7988,0.4138,0.4276,78
2016-02-16 20:42:20:000,-0.5909,0.7216,-0.2836,0,0,23.8,6.31,0.1425,0.0351,0.1483,0
2016-02-16 20:42:30:000,-0.5759,0.7497,-0.2915,0,0,23.7,5.60,0.0631,0.0274,0.0589,0
2016-02-16 20:42:40:000,-0.4865,0.7960,-0.3290,0,0,23.7,5.59,0.0255,0.0216,0.0214,0
2016-02-16 20:42:50:000,-0.4832,0.8004,-0.3222,0,0,23.7,5.83,0.0106,0.0087,0.0109,0
2016-02-16 20:43:00:000,-0.4263,0.7720,-0.3468,1,0,23.5,10.60,0.2203,0.0255,0.1961,19
2016-02-16 20:43:10:000,-0.4384,0.8588,-0.2113,0,0,23.6,6.50,0.0790,0.0341,0.0507,0
2016-02-16 20:43:20:000,-0.4123,0.8485,-0.3037,0,0,23.6,4.90,0.0133,0.0073,0.0135,0
2016-02-16 20:43:30:000,-0.4055,0.8333,-0.3439,0,0,23.4,5.68,0.0245,0.0342,0.0611,0
2016-02-16 20:43:40:000,-0.3427,0.8472,-0.3330,0,0,23.4,7.73,0.0952,0.0653,0.1576,0
2016-02-16 20:43:50:000,-0.3508,0.8663,-0.3277,0,0,23.4,5.04,0.0265,0.0205,0.0421,0
2016-02-16 20:44:00:000,-0.3654,0.8564,-0.3365,0,0,23.4,5.25,0.0187,0.0078,0.0234,0
2016-02-16 20:44:10:000,-0.5357,0.7772,-0.2971,0,0,23.4,5.58,0.0595,0.0308,0.0152,0
2016-02-16 20:44:20:000,-0.4008,0.8470,-0.2789,0,0,23.4,5.96,0.1337,0.0692,0.0509,0
2016-02-16 20:44:30:000,-0.2861,0.9005,-0.2879,0,0,23.2,5.30,0.0679,0.0323,0.0424,0
2016-02-16 20:44:40:000,-0.3164,0.8718,-0.3460,0,0,23.1,5.41,0.0128,0.0075,0.0142,0
2016-02-16 20:44:50:000,-0.3376,0.8663,-0.3420,0,0,23.1,5.12,0.0141,0.0086,0.0108,0
2016-02-16 20:45:00:000,-0.3321,0.8655,-0.3497,0,0,23.1,5.04,0.0084,0.0071,0.0083,0
2016-02-16 20:45:10:000,-0.3748,0.8609,-0.3137,0,0,23.1,4.95,0.0528,0.0171,0.0289,0
2016-02-16 20:45:20:000,-0.4029,0.8631,-0.2698,0,0,23.1,4.59,0.0605,0.0261,0.0126,0
2016-02-16 20:45:30:000,-0.3220,0.8934,-0.2663,0,0,23.1,5.19,0.0796,0.0431,0.0371,0
2016-02-16 20:45:40:000,-0.5446,0.7652,-0.1713,0,0,23.1,15.53,0.1633,0.0673,0.2391,0
2016-02-16 20:45:50:000,-0.4484,0.7852,-0.3140,0,0,23.1,11.73,0.1469,0.1530,0.1703,19
2016-02-16 20:46:00:000,-0.9350,-0.0466,-0.0683,0,0,23.1,24.28,0.1163,0.2970,0.2379,0
2016-02-16 20:46:10:000,-0.9427,-0.2732,0.1820,0,0,23.1,9.92,0.0452,0.1045,0.0636,0
2016-02-16 20:46:20:000,-0.9266,-0.3346,0.1897,0,0,23.1,2.92,0.0078,0.0091,0.0095,0
2016-02-16 20:46:30:000,-0.9254,-0.3432,0.1748,0,0,23.1,3.31,0.0100,0.0240,0.0257,0
2016-02-16 20:46:40:000,-0.9212,-0.3691,0.1439,0,0,23.1,2.87,0.0082,0.0091,0.0104,0
2016-02-16 20:46:50:000,-0.9356,-0.2982,0.1832,0,0,23.1,5.96,0.0248,0.0732,0.0690,0
2016-02-16 20:47:00:000,-0.9769,-0.1560,-0.1188,0,0,23.1,6.07,0.0393,0.0320,0.0394,0
2016-02-16 20:47:10:000,-0.9764,-0.1550,-0.1194,0,0,23.1,2.94,0.0153,0.0358,0.0515,0
2016-02-16 20:47:20:000,-0.9198,-0.3022,-0.2453,0,0,23.1,4.08,0.0194,0.0349,0.0445,0
2016-02-16 20:47:30:000,-0.9581,-0.2521,-0.1279,0,0,23.1,4.68,0.0244,0.0423,0.0491,0
2016-02-16 20:47:40:000,-0.9559,-0.2595,-0.1459,0,0,23.0,2.41,0.0066,0.0094,0.0097,0
2016-02-16 20:47:50:000,-0.9571,-0.2554,-0.1446,0,0,23.0,2.34,0.0062,0.0089,0.0098,0
2016-02-16 20:48:00:000,-0.9644,-0.2406,-0.1009,0,0,23.0,3.18,0.0127,0.0224,0.0350,0
2016-02-16 20:48:10:000,-0.9773,-0.1017,0.1268,0,0,23.1,5.96,0.0170,0.0617,0.1135,0
2016-02-16 20:48:20:000,-0.9771,-0.0638,0.1931,0,0,23.1,5.39,0.0152,0.0126,0.0143,0
2016-02-16 20:48:30:000,-0.9765,-0.0418,0.2026,0,0,23.1,4.64,0.0124,0.0153,0.0151,0
2016-02-16 20:48:40:000,-0.9748,-0.0355,0.2127,0,0,23.0,4.75,0.0129,0.0130,0.0157,0
2016-02-16 20:48:50:000,-0.9706,-0.0342,0.2333,0,0,23.1,5.38,0.0191,0.0206,0.0362,0
2016-02-16 20:49:00:000,-0.9650,-0.0223,0.2649,0,0,23.0,3.19,0.0090,0.0110,0.0116,0
2016-02-16 20:49:10:000,-0.9606,-0.0663,0.2611,0,0,23.1,4.15,0.0191,0.0721,0.0399,0
2016-02-16 20:49:20:000,-0.9346,-0.1695,0.3216,0,0,23.0,3.87,0.0125,0.0145,0.0193,0
2016-02-16 20:49:30:000,-0.9286,-0.1798,0.3330,0,0,22.9,3.20,0.0080,0.0085,0.0090,0
2016-02-16 20:49:40:000,-0.9284,-0.1803,0.3338,0,0,23.1,3.09,0.0083,0.0085,0.0098,0
2016-02-16 20:49:50:000,-0.9311,-0.1832,0.3230,0,0,23.0,3.08,0.0081,0.0084,0.0095,0
2016-02-16 20:50:00:000,-0.7841,0.1080,-0.2985,0,0,23.0,20.76,0.2005,0.2644,0.4198,0
2016-02-16 20:50:10:000,-0.9630,-0.2365,0.1345,0,0,23.0,2.24,0.0074,0.0121,0.0185,0
2016-02-16 20:50:20:000,-0.9845,-0.1219,0.0979,0,0,23.0,5.82,0.0172,0.0465,0.0246,0
2016-02-16 20:50:30:000,-0.9884,-0.0859,0.1049,0,0,23.0,5.18,0.0138,0.0156,0.0146,0
2016-02-16 20:50:40:000,-0.9872,-0.0768,0.1153,0,0,23.1,5.72,0.0167,0.0167,0.0166,0
2016-02-16 20:50:50:000,-0.9869,-0.0732,0.1238,0,0,23.1,4.37,0.0138,0.0148,0.0189,0
2016-02-16 20:51:00:000,-0.9863,-0.0696,0.1306,0,0,23.0,5.26,0.0139,0.0131,0.0186,0
2016-02-16 20:51:10:000,-0.9843,-0.0742,0.1402,0,0,23.0,6.33,0.0193,0.0312,0.0218,0
2016-02-16 20:51:20:000,-0.9740,-0.1488,0.1598,0,0,23.0,3.31,0.0090,0.0124,0.0170,0
2016-02-16 20:51:30:000,-0.7425,0.2649,-0.1580,0,0,23.0,33.54,0.3134,0.4594,0.2545,0
2016-02-16 20:51:40:000,-0.8035,0.0371,-0.3472,0,0,22.9,22.79,0.1962,0.1826,0.3921,0
2016-02-16 20:51:50:000,-0.9662,-0.1296,0.2206,0,0,22.9,3.76,0.0106,0.0331,0.0231,0
2016-02-16 20:52:00:000,-0.9653,-0.1251,0.2310,0,0,22.9,5.09,0.0156,0.0128,0.0184,0
2016-02-16 20:52:10:000,-0.9603,-0.1213,0.2564,0,0,22.9,8.27,0.0226,0.0145,0.0204,0
2016-02-16 20:52:20:000,-0.9569,-0.1143,0.2732,0,0,22.9,7.67,0.0212,0.0117,0.0169,0
2016-02-16 20:52:30:000,-0.9553,-0.1126,0.2815,0,0,22.9,7.46,0.0242,0.0130,0.0160,0
2016-02-16 20:52:40:000,-0.9557,-0.1073,0.2826,0,0,22.9,7.03,0.0201,0.0157,0.0184,0
2016-02-16 20:52:50:000,-0.9610,-0.1084,0.2610,0,0,22.9,3.11,0.0091,0.0105,0.0107,0
2016-02-16 20:53:00:000,-0.9583,-0.1122,0.2719,0,0,22.9,6.86,0.0283,0.0163,0.0243,0
2016-02-16 20:53:10:000,-0.9488,-0.2241,-0.0054,0,0,22.9,8.75,0.0305,0.1001,0.2131,0
2016-02-16 20:53:20:000,-0.9180,-0.3412,-0.2077,0,0,22.9,3.04,0.0137,0.0199,0.0179,0
2016-02-16 20:53:30:000,-0.9652,-0.0531,-0.1587,0,0,22.9,17.47,0.0573,0.1685,0.1378,0
2016-02-16 20:53:40:000,-0.9420,-0.3337,-0.0871,0,0,22.9,4.59,0.0256,0.0194,0.0231,0
2016-02-16 20:53:50:000,-0.9568,-0.2658,-0.0221,0,0,22.9,7.82,0.0341,0.0922,0.0852,0
2016-02-16 20:54:00:000,-0.9712,-0.1872,0.1396,0,0,22.9,3.15,0.0090,0.0164,0.0197,0
2016-02-16 20:54:10:000,-0.9732,-0.1113,0.0856,0,0,22.9,5.45,0.0165,0.1363,0.1216,0
2016-02-16 20:54:20:000,-0.8198,-0.0425,0.5327,0,0,22.9,7.63,0.0468,0.0792,0.1837,0
2016-02-16 20:54:30:000,-0.8188,-0.0619,0.5596,0,0,22.9,11.90,0.0663,0.1166,0.0473,0
2016-02-16 20:54:40:000,-0.8496,0.0022,0.5322,0,0,22.9,4.27,0.0147,0.0109,0.0182,0
2016-02-16 20:54:50:000,-0.8560,-0.0085,0.5190,0,0,22.9,6.02,0.0300,0.0124,0.0525,0
2016-02-16 20:55:00:000,-0.8976,-0.0167,0.4454,0,0,22.9,5.07,0.0202,0.0106,0.0321,0
2016-02-16 20:55:10:000,-0.8751,-0.0084,0.4902,0,0,22.9,4.15,0.0107,0.0143,0.0137,0
2016-02-16 20:55:20:000,-0.8757,-0.0126,0.4878,0,0,22.9,2.92,0.0066,0.0077,0.0081,0
2016-02-16 20:55:30:000,-0.8787,-0.0126,0.4827,0,0,22.9,3.26,0.0075,0.0089,0.0098,0
2016-02-16 20:55:40:000,-0.8882,-0.0206,0.4653,0,0,22.9,4.03,0.0129,0.0121,0.0200,0
2016-02-16 20:55:50:000,-0.8922,-0.0270,0.4558,0,0,22.9,4.33,0.0134,0.0092,0.0136,0
2016-02-16 20:56:00:000,-0.8758,-0.0242,0.4877,0,0,22.9,4.48,0.0187,0.0115,0.0289,0
2016-02-16 20:56:10:000,-0.8587,-0.0186,0.5185,0,0,22.9,3.80,0.0107,0.0106,0.0131,0
2016-02-16 20:56:20:000,-0.8406,-0.0355,0.5433,0,0,22.9,2.81,0.0072,0.0075,0.0073,0
2016-02-16 20:56:30:000,-0.9044,-0.0664,0.3977,0,0,22.9,4.73,0.0587,0.0357,0.1359,0
2016-02-16 20:56:40:000,-0.9473,-0.0348,0.3232,0,0,22.9,3.19,0.0096,0.0211,0.0209,0
2016-02-16 20:56:50:000,-0.9350,-0.0247,0.3593,0,0,22.9,4.16,0.0127,0.0153,0.0199,0
2016-02-16 20:57:00:000,-0.9361,-0.0351,0.3570,0,0,22.9,3.30,0.0078,0.0092,0.0092,0
